1
50
6000,3603
8474,9599
9632,7557
4016,7597
4174,5815
1457,3583
9715,3730
4360,7283
6621,6880
4637,2320
7765,8388
261,3552
4007,3917
6850,9019
9698,696
3164,4932
2424,952
2270,9155
1275,9040
1738,5284
7929,5910
847,3518
6620,1993
9054,1542
1487,7192
5136,5607
1290,3819
8257,8357
2471,8477
1794,1825
6998,3032
5238,4969
3373,3123
3744,176
9106,7412
5280,154
4478,8932
741,9466
8618,5223
8224,5650
4822,9902
1935,6345
7547,326
3297,7131
5005,4124
3908,2003
246,8374
429,4504
8141,5958
1599,3759
35.06889373058871